547, 61, 7, 641
547, 347, 7, 537
310, 346, 7, 537
317, 61, 7, 537
317, 346, 25, 641
96, 61, 899, 537
310, 347, 25, 537
547, 61, 60, 641
310, 346, 25, 57
317, 347, 7, 611
96, 61, 25, 641
317, 346, 7, 611
96, 346, 899, 537
547, 346, 899, 57
317, 61, 7, 537
310, 346, 7, 57
547, 347, 60, 537
317, 61, 25, 641
317, 541, 25, 611
310, 347, 7, 641
317, 347, 7, 537
317, 347, 7, 641
96, 541, 7, 641
317, 541, 25, 537
547, 347, 899, 537
547, 346, 60, 57
310, 541, 25, 537
310, 347, 7, 537
317, 61, 25, 641
96, 347, 899, 537
310, 347, 60, 537
547, 541, 899, 641
310, 346, 60, 641
547, 347, 60, 57
310, 541, 7, 57
310, 61, 899, 537
317, 346, 60, 641
96, 541, 60, 611
547, 347, 60, 611
310, 541, 899, 537
310, 61, 7, 641
547, 346, 25, 641
310, 346, 25, 57
310, 346, 899, 537
96, 61, 60, 57
317, 346, 25, 537
96, 541, 60, 641
96, 61, 60, 611
310, 346, 899, 641
96, 61, 899, 611
310, 61, 25, 57
310, 346, 899, 641
310, 541, 60, 611
310, 541, 25, 641
96, 541, 899, 537
96, 61, 60, 611
310, 61, 899, 641
317, 346, 899, 537
547, 346, 899, 57
547, 347, 25, 641
547, 541, 7, 57
96, 346, 25, 537
310, 61, 899, 611
317, 61, 7, 537
317, 347, 7, 611
317, 541, 60, 537
310, 61, 7, 57
547, 347, 25, 641
547, 346, 60, 611
96, 347, 25, 641
96, 346, 899, 641
310, 541, 7, 537
547, 61, 25, 537
317, 541, 899, 611
96, 541, 899, 611
310, 61, 7, 57
547, 61, 899, 537
96, 61, 60, 57
310, 61, 60, 57
96, 346, 7, 611
310, 346, 25, 537
317, 61, 60, 57
317, 541, 899, 611
317, 347, 899, 537
96, 347, 25, 57
547, 541, 60, 641
96, 347, 25, 537
96, 346, 60, 611
547, 541, 60, 57
96, 347, 60, 641
310, 541, 7, 537
547, 347, 25, 611
317, 61, 25, 57
96, 541, 25, 537
310, 541, 899, 641
317, 61, 7, 57
96, 61, 7, 57
547, 61, 60, 641
317, 61, 7, 537
96, 347, 60, 57
